0 0.34300555555555556 0.2955873642645607 0.020511111111111112 0.07090819348469891
0 0.44555555555555554 0.2974234945705824 0.02191111111111111 0.07456071076011846
0 0.5647722222222222 0.29631786771964463 0.019605555555555557 0.07236920039486673
0 0.6484 0.2955873642645607 0.020194444444444445 0.07090819348469891
0 0.7011166666666666 0.29687068114511356 0.027477777777777778 0.08004935834155973
0 0.8174555555555556 0.29065153010858835 0.019411111111111108 0.08077986179664363
0 0.9605333333333334 0.2856268509378085 0.02038888888888889 0.08060217176702864
0 0.1003 0.390542941757157 0.01473888888888889 0.05350444225074038
0 0.18094444444444444 0.3908193484698914 0.013061111111111112 0.057344521224086877
0 0.2467277777777778 0.3906317867719644 0.013138888888888887 0.05039486673247778
0 0.29286111111111107 0.3886278381046397 0.014666666666666666 0.05296150049358341
0 0.4124888888888889 0.3887166831194472 0.013183333333333333 0.04985192497532083