0 0.09605263157894736 0.1810344827586207 0.1394736842105263 0.27586206896551724
0 0.2993421052631579 0.1810344827586207 0.15657894736842104 0.27586206896551724
0 0.47828947368421054 0.1810344827586207 0.125 0.27586206896551724
0 0.6720394736842106 0.1810344827586207 0.12302631578947368 0.27586206896551724
0 0.8723684210526316 0.1810344827586207 0.13421052631578947 0.27586206896551724
0 0.09539473684210527 0.5 0.13815789473684212 0.27586206896551724
0 0.29046052631578945 0.5 0.1388157894736842 0.27586206896551724
0 0.4875 0.5 0.14342105263157895 0.27586206896551724
0 0.6819078947368421 0.5 0.14276315789473684 0.27586206896551724
0 0.8894736842105263 0.4816810344827586 0.16842105263157894 0.23922413793103448
0 0.09309210526315789 0.8189655172413793 0.13355263157894737 0.27586206896551724
0 0.28651315789473686 0.8189655172413793 0.13092105263157894 0.27586206896551724
0 0.4917763157894737 0.8189655172413793 0.15197368421052632 0.27586206896551724
0 0.6786184210526316 0.8189655172413793 0.1361842105263158 0.27586206896551724
0 0.8769736842105263 0.8189655172413793 0.14342105263157895 0.27586206896551724
